,wokType,holeType,holeID,hexRow,hexCol,x,y,z,r,theta,ix,iy,iz,jx,jy,jz,kx,ky,kz
0,LCO,ApogeeBoss,R-13C0,-13.0,0.0,-148.022536607116,-256.38323185278,5.0057852848026,296.0456601926151,240.00006558813322,-4.070058241251707e-05,-0.9995694949671099,0.029339786547611654,0.9998565662664072,-0.0005375906987430749,-0.016928020858626144,0.01693650605680074,0.02933488925217628,0.9994261448627159
1,APO,ApogeeBoss,R-13C0,-13.0,0.0,-147.873835485164,-256.12430864697996,4.681881866926201,295.74707555779275,239.99993340223332,6.647446732018013e-06,-0.9996226137408866,0.02747053064011824,0.9998742510601972,-0.00042898864678961546,-0.01585238264584779,0.01585818472022894,0.02746718162788364,0.9994969094053268
2,LCO,ApogeeBoss,R-13C1,-13.0,1.0,-125.247769462558,-256.37770138378,4.650079535102999,285.33581885591707,243.9631805767016,4.465338090751487e-06,-0.9995727116230001,0.029230021531015546,0.9998980608593651,-0.00041289001345713483,-0.014272260210577238,0.01427823062365903,0.02922710557820709,0.9994708141960814
3,APO,ApogeeBoss,R-13C1,-13.0,1.0,-125.12127173181001,-256.1187643553,4.3494642428372,285.0476347817521,243.9631805148448,4.466208196697327e-06,-0.9996254154004868,0.027368391722148507,0.9999106304751035,-0.00036142479543567935,-0.013364147372650464,0.013369032984238628,0.027366005509047664,0.9995360777378399
4,LCO,ApogeeBoss,R-13C2,-13.0,2.0,-102.48172134602801,-256.39322064661997,4.3543553233268,276.1158937902548,248.21314959307006,9.325220265202651e-06,-0.9995713076250383,0.029277993199868846,0.9999315317967273,-0.0003332840215180908,-0.011697035539479171,0.011701778996849368,0.02927609766571187,0.9995028656656151
5,APO,ApogeeBoss,R-13C2,-13.0,2.0,-102.37761243283397,-256.13275573194,4.0728272828788,275.8353930993722,248.21314953796173,9.321809512675552e-06,-0.9996241895416966,0.02741312817265065,0.9999399754306065,-0.0002910348883169331,-0.010952663353348862,0.010956525404610541,0.02741158481007779,0.9995641848171922
6,LCO,ApogeeBoss,R-13C3,-13.0,3.0,-79.71241988167401,-256.40749722207994,4.117777440044598,268.51233587133987,252.73048240167014,7.140915495834078e-06,-0.99956981441318,0.029328928773622597,0.9999584351972431,-0.00026026738601630736,-0.009113733525228868,0.009117446292050765,0.029327774802884007,0.9995282656324548
7,APO,ApogeeBoss,R-13C3,-13.0,3.0,-79.63104112037799,-256.14572894196,3.8513326026026,268.23820974112425,252.7304823550973,7.140218952876155e-06,-0.9996228791657092,0.027460870297120413,0.9999635610971086,-0.00022728984342543747,-0.008533745796314541,0.008536769119890366,0.027459930585947815,0.999586452381788
8,LCO,ApogeeBoss,R-13C4,-13.0,4.0,-56.937821462204,-256.40932852144,3.940033853622399,262.6550194945407,257.4801422765799,4.9569211999395114e-06,-0.9995705047060042,0.02930539365395364,0.9999788269108377,-0.00018574599447646444,-0.006504708175685807,0.00650735779362331,0.02930480541156672,0.9995493397898556
9,APO,ApogeeBoss,R-13C4,-13.0,4.0,-56.879598028993996,-256.14712890868,3.6849802231922,262.38643318605455,257.48014224056055,4.9589025633909e-06,-0.9996234837922432,0.02743885249911568,0.9999814380869292,-0.0001622253008389603,-0.006090744170367365,0.006092902182571265,0.027438373384927703,0.999604928063574
10,LCO,ApogeeBoss,R-13C5,-13.0,5.0,-34.162597015791995,-256.40817015697996,3.8214639659214,258.6739893342858,262.4108804175214,9.816896237395517e-06,-0.9995714385724472,0.029273522060675457,0.9999923940313112,-0.00010436081360018535,-0.0038988444887073795,0.003900228602926688,0.029273337681735054,0.9995638348388841
11,APO,ApogeeBoss,R-13C5,-13.0,5.0,-34.12764298537,-256.14582104236,3.5740757810442,258.40932191622187,262.41088039343515,9.814300554086045e-06,-0.9996243031546721,0.027408984771709773,0.9999933320632467,-9.0281918480509e-05,-0.003650709276352905,0.003651812252123363,0.027408837839490913,0.9996176368369876
12,LCO,ApogeeBoss,R-13C6,-13.0,6.0,-11.387518236475,-256.40783211346,3.7621863927572,256.6605773014437,267.45706569686456,7.633306091974037e-06,-0.999571861383735,0.02925908186508863,0.9999991556954185,-3.039045588261866e-05,-0.0012991092604099047,0.0012994422584053627,0.02925906707801039,0.9995710172086532
13,APO,ApogeeBoss,R-13C6,-13.0,6.0,-11.3758629049724,-256.1453929279,3.5186498704332,256.39787942769925,267.4570656857824,7.633361260619643e-06,-0.9996246745437025,0.027395437304931658,0.999999259821595,-2.5700852371126637e-05,-0.0012164274447100973,0.0012166749746141754,0.027395426312850704,0.9996239344469215
14,LCO,ApogeeBoss,R-13C7,-13.0,7.0,11.3875134055728,-256.40784786146,3.7621865394422,256.6605928195985,272.5429330697918,5.449772557729994e-06,-0.9995718608460575,0.029259100721822924,0.9999991557093809,4.3467953849609306e-05,0.0012987267080202625,-0.0012994425055061455,0.029259068940873482,0.9995710171538028
15,APO,ApogeeBoss,R-13C7,-13.0,7.0,11.375858030534598,-256.14540844476,3.518657729879,256.3978947130101,272.54293307218285,5.452444435642013e-06,-0.999624674072512,0.027395455018943,0.9999992598355828,3.8781764841644696e-05,0.0012160691843524129,-0.0012166752061521808,0.02739542811125234,0.9996239343973532
16,LCO,ApogeeBoss,R-13C8,-13.0,8.0,34.162592186744,-256.40821741113996,3.8214642499187987,258.6740355367662,277.5891171399054,3.2662389386823534e-06,-0.9995714369513325,0.029273578878916396,0.9999923940730302,0.00011743847247656632,0.0038984617857250456,-0.003900228893444503,0.029273343492905612,0.9995638346675639
17,APO,ApogeeBoss,R-13C8,-13.0,8.0,34.12763802475,-256.14586751166,3.574102796408,258.40936732334075,277.5891171555556,3.2715035596690703e-06,-0.9996243017391357,0.027409037959085728,0.9999933321050322,0.00010336292097729936,0.003650350884674422,-0.003651812532420134,0.027408843256363533,0.9996176366874366
18,LCO,ApogeeBoss,R-13C9,-13.0,9.0,56.937816633409994,-256.40930559285994,3.9400309280503993,262.6549960644047,282.5198577793604,8.126879243057582e-06,-0.9995705022707283,0.02930547601042837,0.9999788268887464,0.000198824440588188,0.006504324949468931,-0.006507358001546632,0.029304802662461046,0.9995493398691001
19,APO,ApogeeBoss,R-13C9,-13.0,9.0,56.879592858316,-256.14710460595995,3.6850281023446,262.3864083403414,282.51985780760407,8.127462080636966e-06,-0.9996234816544518,0.027438929625194328,0.9999814380650172,0.00017530697066065606,0.006090385282283112,-0.006092902376123638,0.027438370806191187,0.9996049281331786
20,LCO,ApogeeBoss,R-13C10,-13.0,10.0,79.712415058468,-256.40750580473997,4.117773966645399,268.5123426352339,287.26951607186163,5.943675534101745e-06,-0.9995698108923496,0.029329049035128424,0.9999584352028409,0.0002733469082624439,0.009113349996221428,-0.00911744653719488,0.029327775812359,0.9995282656005989
21,APO,ApogeeBoss,R-13C10,-13.0,10.0,79.631036034536,-256.14573677024,3.8513561544986006,268.2382157066786,287.26951611114026,5.946801116037435e-06,-0.9996228760817907,0.027460982841196156,0.9999635611029722,0.00024037241841017338,0.008533386629163413,-0.008536769347819686,0.027459931446916996,0.9995864523561895
22,LCO,ApogeeBoss,R-13C11,-13.0,11.0,102.48171649843799,-256.39326065924,4.3543513383461985,276.11592914560947,291.7868463912265,3.7630183292370524e-06,-0.999571303056143,0.029278150427993792,0.9999315318321808,0.00034636759572145213,0.011696652394476904,-0.01170177907791295,0.029276101791959497,0.9995028655438055
23,APO,ApogeeBoss,R-13C11,-13.0,11.0,102.377608414554,-256.13279784768,4.0727449883774005,275.83543071542545,291.78684644006825,3.768492455214094e-06,-0.999624185538655,0.02741327546972636,0.9999399754660999,0.00030412110133813235,0.010952304561656794,-0.010956525482744608,0.027411588726966505,0.9995641847089208
24,LCO,ApogeeBoss,R-13C12,-13.0,12.0,125.247764658148,-256.37767132034,4.6500728873896,285.3357897346618,296.03682120631004,8.620862183177107e-06,-0.9995727062379088,0.029230204753026127,0.9998980608293637,0.00042597191053554006,0.014271877858553751,-0.014278230820335457,0.02922710201430396,0.9994708142974895
25,APO,ApogeeBoss,R-13C12,-13.0,12.0,125.121268049572,-256.11873667184,4.3493714764492,285.0476082915136,296.03682126265215,8.622171893782763e-06,-0.9996254106737308,0.027368563371745838,0.9999106304454459,0.0003745094033563004,0.013363789316565917,-0.013369033168068492,0.027366002230539876,0.9995360778251423
26,LCO,ApogeeBoss,R-13C13,-13.0,13.0,148.023123584352,-256.3828929609,5.0057852848026,296.04566019225587,300.00006558796036,6.438468124113325e-06,-0.9995695128063542,0.029339206305111536,0.9998565670699345,0.0005033384258185602,0.01692902647982938,-0.016936506300645304,0.02933488909978803,0.9994261448630566
27,APO,ApogeeBoss,R-13C13,-13.0,13.0,147.873240072588,-256.12465240804,4.681881866926201,295.7470755573156,299.99993340232226,5.367962886640011e-05,-0.9996225860371575,0.0274714870890433,0.9998742496413624,0.0004893005399467422,0.015850725191749557,-0.01585818472020681,0.027467181678643978,0.9994969094039321
28,LCO,ApogeeBoss,R-12C0,-12.0,0.0,-159.40569399823602,-236.656581621628,4.6500728873896,285.33578973534594,236.03682120620923,-4.0699686752032755e-05,-0.9996358632129091,0.026984056813563514,0.9998348693409875,-0.0005310404550033564,-0.018164582184171163,0.01817229741738388,0.026978861625674182,0.9994708142972244
29,APO,ApogeeBoss,R-12C0,-12.0,0.0,-159.24469831845,-236.41756502066798,4.3493714764492,285.0476082917306,236.03682126262203,-4.0700675688275534e-05,-0.9996807812029429,0.025265273339683536,0.9998552312571709,-0.00047057386907741876,-0.017008676841640067,0.017015136529707896,0.025260923453184893,0.999536077825692
30,LCO,ApogeeBoss,R-12C1,-12.0,1.0,-136.645204442852,-236.67708297229402,4.265683721168198,273.29096856922104,240.00006774528808,-4.070143219310291e-05,-0.9996339639552666,0.02705432406241573,0.9998780377795348,-0.00046320386728828733,-0.015610733753554073,0.015617551329848118,0.027050389077758537,0.999512065230431
31,APO,ApogeeBoss,R-12C1,-12.0,1.0,-136.50667938894,-236.43581675073798,3.9898243177446,273.01276336534784,239.99992785650406,6.644185031146768e-06,-0.9996791387160092,0.02533021065590804,0.9998930797127903,-0.00036375970253628496,-0.014618372732627633,0.014622896372676164,0.02532759946968292,0.9995722503184935
32,LCO,Boss,R-12C2,-12.0,2.0,-113.87565414688999,-236.685486137606,3.9400357829302,262.65506649516016,244.30656080494668,4.463808557204333e-06,-0.999634005390744,0.02705282326361599,0.9999153049708714,-0.0003476230486793084,-0.013010074681765503,0.01301471724946424,0.027050590098444363,0.9995493398078168
33,APO,Boss,R-12C2,-12.0,2.0,-113.75920740239,-236.443456044324,3.6849694291066006,262.3864805492161,244.30656073771812,4.465208011101235e-06,-0.9996791553144019,0.02532955605504773,0.9999257503004876,-0.0003041976103484563,-0.012182009268617285,0.012185805926106677,0.025327729738327233,0.9996049280792054
34,LCO,Boss,R-12C3,-12.0,3.0,-91.10037560990801,-236.684921684836,3.673313957142,253.61196854490774,248.9482108834178,9.32317541350925e-06,-0.9996354562860806,0.02699915644603972,0.9999460072678116,-0.00027124140843982805,-0.010387924588672168,0.010391461025283811,0.02699779553625954,0.9995814807077722
35,APO,Boss,R-12C3,-12.0,3.0,-91.00705276658199,-236.442461919566,3.4355411753351994,253.35216883193414,248.9482108247227,9.32001370359397e-06,-0.9996804296294635,0.025279211399661543,0.9999526667479911,-0.00023663880053673898,-0.009726678038219848,0.009729551722379215,0.025278105505150385,0.9996331092982825
36,LCO,Boss,R-12C4,-12.0,4.0,-68.327720494654,-236.693447982998,3.4661287124581994,246.35840904275167,253.89783987375893,7.138949819579379e-06,-0.9996349108509595,0.027019344126561987,0.9999695826906322,-0.00020360374636402273,-0.007796937798736322,0.007799592461038727,0.027018577932760465,0.9996045031931045
37,APO,Boss,R-12C4,-12.0,4.0,-68.257471039522,-236.450096730814,3.2418749847156,246.10512102904826,253.89783982595378,7.1384153170544055e-06,-0.9996799534347611,0.025298036479476003,0.9999733346484734,-0.00017760892049501184,-0.007300578544449064,0.00730273517631142,0.025297414013002045,0.9996532953495424
38,LCO,Boss,R-12C5,-12.0,5.0,-45.553388925044004,-236.70177373165,3.3181874123799995,241.04530887421467,259.10657936462115,4.955373581265043e-06,-0.9996341049940081,0.027049142468346825,0.9999864510639456,-0.00013585194468537806,-0.005203771015780057,0.005205541660559454,0.027048801767874605,0.9996205603422443
39,APO,Boss,R-12C5,-12.0,5.0,-45.506407771356,-236.45765231869999,3.1035725114354005,240.79670780208798,259.1065793298159,4.957528013751106e-06,-0.9996792473849715,0.025325921962288004,0.9999881223680298,-0.00011848064406845953,-0.004872482447267002,0.00487392021732608,0.025325645305775864,0.9996673729754117
40,LCO,Boss,R-12C6,-12.0,6.0,-22.7771058484658,-236.70547284744202,3.229379924387,237.79881712650155,264.5036068087917,9.816807962744227e-06,-0.9996338564733271,0.027058323966828668,0.9999966103533948,-6.0638222680548274e-05,-0.002602999179159221,0.0026036868765338997,0.027058257801815762,0.9996304674725454
41,APO,Boss,R-12C6,-12.0,6.0,-22.7535784979082,-236.460969772822,3.0205296506228,237.5531846984248,264.5036067887373,9.8142676312953e-06,-0.9996790294017008,0.025334523444373206,0.9999970284759213,-5.1949798258869454e-05,-0.0024372813842179286,0.0024378152119357327,0.025334472082358565,0.9996760583215448
42,LCO,Fiducial,R-12C7,-12.0,7.0,-1.60633088842908e-05,-236.706358896978,3.1997672450298,236.70635889697854,269.99999611180783,7.633317267698156e-06,-0.9996338429141367,0.027058825592542756,0.9999999999708663,7.630483408596824e-06,-2.0798443111725034e-07,1.436356404034917e-09,0.02705882559334204,0.9996338429432595
43,APO,Fiducial,R-12C7,-12.0,7.0,-1.6064100054082597e-05,-236.461751975728,2.9928316327144,236.46175197572853,269.99999610759403,7.633380103910364e-06,-0.9996790175029626,0.0253349937052107,0.9999999999708659,7.630895850892983e-06,-1.9473605785130313e-07,1.3448526376986383e-09,0.025334993705959073,0.9996790175320871
44,LCO,Boss,R-12C8,-12.0,8.0,22.777073715840203,-236.705504280958,3.2293813313183994,237.7988453377338,275.49638475927026,5.45011635833355e-06,-0.9996338553345212,0.02705836727035862,0.9999966103942154,7.589954031256814e-05,0.002602583205133997,-0.0026036840008144017,0.0270582613687791,0.9996304673834842
45,APO,Boss,R-12C8,-12.0,8.0,22.7535463959658,-236.46100150682,3.0205180197849995,237.55321321169643,275.4963847710307,5.4527496497630135e-06,-0.9996790284075076,0.025334563988537295,0.9999970285157792,6.721190053866704e-05,0.0024368919081791418,-0.0024378125192976298,0.025334475419518665,0.9996760582435384
46,LCO,Boss,R-12C9,-12.0,9.0,45.55344483781,-236.701785780902,3.3181890872813997,241.04533127289443,280.8934331449362,3.2678467407345283e-06,-0.9996341038086891,0.027049186529728993,0.9999864510335603,0.00014407246809375213,0.005203555748595939,-0.005205548830429521,0.027048803036785796,0.9996205602705714
47,APO,Boss,R-12C9,-12.0,9.0,45.506463706219996,-236.457664944024,3.1035510911074,240.79673077063532,280.8934331719155,3.272985602612538e-06,-0.9996792463457778,0.02532596325562656,0.9999881223422384,0.0001267087912926704,0.004872280710990028,-0.004873926931340024,0.02532564649559791,0.9996673729125344
48,LCO,Boss,R-12C10,-12.0,10.0,68.32768835400199,-236.69344073967997,3.4661286978023997,246.35839316936213,286.1021534117366,8.12815981761032e-06,-0.999634907646353,0.02701946240768429,0.9999695827052959,0.0002188656634979654,0.0077965224310628,-0.007799589612905398,0.027018577177353148,0.9996045032357457
49,APO,Boss,R-12C10,-12.0,10.0,68.2574389611,-236.450089705428,3.2418666168126,246.1051053823005,286.10215345247883,8.128671529209128e-06,-0.9996799506243722,0.025298147236061615,0.9999733346603783,0.00019287145557082768,0.007300189641683208,-0.007302732511027087,0.025297413311530067,0.9996532953867645
50,LCO,Boss,R-12C11,-12.0,11.0,91.10034346646201,-236.68494593955,3.6733127004769988,253.61197963447046,291.05178037111006,5.945396660837853e-06,-0.999635451952738,0.026999317841335906,0.9999460073233107,0.00028650519026385024,0.010387509467882697,-0.010391458166285393,0.026997798318032767,0.9995814806623606
51,APO,Boss,R-12C11,-12.0,11.0,91.00702022816598,-236.442485117132,3.435580639239,253.35217879302914,291.0517804233545,5.9484550583680054e-06,-0.999680425833819,0.025279362518273084,0.9999526667997539,0.00025190307014747994,0.009726289369725848,-0.009729549047940206,0.025278108108749715,0.9996331092584749
52,LCO,Boss,R-12C12,-12.0,12.0,113.8757100815,-236.68549110991,3.9400325573079993,262.6550952266206,295.6934497199949,3.761461105479365e-06,-0.9996340024765038,0.027052931054816886,0.9999153048788737,0.0003558462116303172,0.013009859432860699,-0.01301472453955659,0.027050590867464138,0.9995493396920837
53,APO,Boss,R-12C12,-12.0,12.0,113.75926214421598,-236.44345870852996,3.6850568455434,262.3865066836493,295.6934497818033,3.766904486086445e-06,-0.9996791527579449,0.025329657063765422,0.9999257502201485,0.0003124278743983353,0.012181807562789254,-0.012185812754345157,0.025327730454599157,0.9996049279778163
54,LCO,ApogeeBoss,R-12C13,-12.0,13.0,136.64576412601002,-236.67675983882802,4.265683721168198,273.2909685690097,300.000067745273,8.623002883866176e-06,-0.9996339782565524,0.027053824879712626,0.9998780386155874,0.00043113321649867483,0.015611598841734778,-0.015617548459647707,0.02705039073891481,0.9995120652303215
55,APO,ApogeeBoss,R-12C13,-12.0,13.0,136.506083976364,-236.43616051256,3.9898243177446,273.01276336553053,299.99992785652375,5.368326394989061e-05,-0.9996791149495908,0.02533109258816409,0.9998930782938393,0.00042407424274562436,0.01461684443055372,-0.01462289636759904,0.02532759946460797,0.9995722503186966
56,LCO,ApogeeBoss,R-12C14,-12.0,14.0,159.40571763090398,-236.656600813614,4.650079535102999,285.33581885574364,303.9631805767175,5.149575698940889e-05,-0.9996358573772374,0.026984254554506308,0.9998348687856001,0.0005418344910795547,0.0181642939820435,-0.018172300588225953,0.026978863227713264,0.9994708141963284
57,APO,ApogeeBoss,R-12C14,-12.0,14.0,159.244720451756,-236.417582051368,4.3494642428372,285.0476347819312,303.9631805148425,5.150010377550106e-05,-0.9996807760240439,0.02526545854926626,0.999855230708726,0.0004813715134300242,0.017008406917360223,-0.017015139498098745,0.025260924952017063,0.9995360777372814
58,LCO,ApogeeBoss,R-11C0,-11.0,0.0,-170.802218840904,-216.948400240762,4.3543513383461985,276.11592914571577,231.7868463912186,-4.069864609358506e-05,-0.9996929874352145,0.024777595050288453,0.9998097983914862,-0.0005239148174152218,-0.019495962495849273,0.019502958339587224,0.024772088852576916,0.9995028655436082
59,APO,ApogeeBoss,R-11C0,-11.0,0.0,-170.62870547165002,-216.72800858985198,4.0727449883774005,275.8354307159507,231.78684644003468,-4.0699548951530545e-05,-0.9997308653414662,0.02319903504781553,0.9998332555933679,-0.000464316361867535,-0.018255010815741633,0.018260869451191448,0.02319442376777574,0.9995641847089997
60,LCO,Boss,R-11C1,-11.0,1.0,-148.03779296776398,-216.96200335960603,3.9400325573079993,262.6550952267636,235.69344971998026,-4.070056207951293e-05,-0.9996924165953064,0.024800615825029026,0.9998568603355324,-0.0004602872269668427,-0.016912923332186292,0.01691913660432963,0.02479637750771521,0.999549339692173
61,APO,Boss,R-11C1,-11.0,1.0,-147.886410728238,-216.74014028695,3.6850568455434,262.3865066837239,235.69344978178742,-4.070125457473343e-05,-0.9997303635947944,0.02322064706307529,0.999874513919533,-0.00040853625364187116,-0.015836335191794393,0.015841551615459935,0.023217088636379273,0.9996049279778813
62,LCO,ApogeeBoss,R-11C2,-11.0,2.0,-125.263813678374,-216.964006067056,3.5844969187997995,250.52824780035465,240.0000819233001,-4.07022457222935e-05,-0.9996935881910285,0.024753344684578897,0.9998978983016111,-0.0003943998427219281,-0.01428416678652167,0.0142895526643874,0.02475023592837931,0.9995915338307649
63,APO,ApogeeBoss,R-11C2,-11.0,2.0,-125.135914757642,-216.741074688688,3.3525152284588007,250.2712341030013,239.99992130103305,6.646044187958221e-06,-0.9997314091112475,0.023175624959635696,0.9999104930443808,-0.0003034301366550585,-0.013375867444595936,0.013379306991519723,0.02317363947660708,0.9996419241797709
64,LCO,ApogeeBoss,R-11C3,-11.0,3.0,-102.49576057321998,-216.97788608882598,3.288591725191,239.96829787923733,244.71494119243016,4.463424087961671e-06,-0.999692421279423,0.024800460007072672,0.9999313840991172,-0.000286060664505146,-0.011710903591111599,0.0117143960024379,0.02479881057189616,0.9996238252065212
65,APO,ApogeeBoss,R-11C3,-11.0,3.0,-102.389992648358,-216.753980493966,3.0759098771240003,239.7206679752695,244.71494111923423,4.4648584993968745e-06,-0.9997303717746383,0.023220330131337032,0.9999398483422743,-0.0002502200033606219,-0.010965267309972628,0.010968120955490724,0.023218982348353647,0.9996702352183007
66,LCO,ApogeeBoss,R-11C4,-11.0,4.0,-79.72076295033199,-216.982702688032,3.0516405460843994,231.1642128686573,249.82636129329865,9.322773899091407e-06,-0.9996925976802826,0.024793347017583286,0.9999585135166744,-0.00021651937159224878,-0.009106281616799326,0.00910885056462224,0.024792403324610232,0.9996511219314372
67,APO,ApogeeBoss,R-11C4,-11.0,4.0,-79.63825366831,-216.758129509798,2.8542999699764007,230.92496217586452,249.8263612309417,9.319641978203382e-06,-0.9997305265241619,0.02321366513211604,0.9999636313540555,-0.0001886617272458561,-0.008526451545820985,0.008528533423445901,0.023212900346023538,0.9996941659203433
68,LCO,ApogeeBoss,R-11C5,-11.0,5.0,-56.943557492642,-216.983374060578,2.8738434664240002,224.33090147955662,255.29529746892928,7.139232291631681e-06,-0.9996932373145098,0.02476754361390322,0.9999788768948242,-0.00015384397460834552,-0.006497853199139385,0.006499670237592944,0.024767066836157904,0.9996721195907866
69,APO,ApogeeBoss,R-11C5,-11.0,5.0,-56.884538986345994,-216.758483349324,2.6879524996747994,224.0983955310441,255.29529742047134,7.138732042001677e-06,-0.9997310881250259,0.0231894671217452,0.9999814828050947,-0.00013398412846414966,-0.006084085401917538,0.006085556339646459,0.023189081150518154,0.9997125749531371
70,LCO,ApogeeBoss,R-11C6,-11.0,6.0,-34.166486114947986,-216.98577112360198,2.7553647173266,219.65922162191853,261.051701780577,4.955810166032251e-06,-0.9996933310220568,0.02476376153705771,0.9999923978758044,-9.160589361065371e-05,-0.0038981789285838847,0.0038992519845407795,0.02476359259850172,0.9996857307752154
71,APO,ApogeeBoss,R-11C6,-11.0,6.0,-34.13102242997,-216.76054626722,2.5770903468757997,219.43122182173332,261.05170174860496,4.9579177403940024e-06,-0.9997311710745793,0.02318589134083923,0.9999933357690928,-7.96906659319132e-05,-0.00364994065707749,0.0036508071465739755,0.02318575492081108,0.9997245082401104
72,LCO,ApogeeBoss,R-11C7,-11.0,7.0,-11.388982493389001,-216.98772942880402,2.6961438052377997,217.2864092503316,266.99548725296125,9.816959114398868e-06,-0.9996932412505306,0.02476738382703374,0.9999991550102482,-2.2382539485371507e-05,-0.0012997991426764912,0.0012999547748633804,0.02476737565892327,0.9996923963002584
73,APO,ApogeeBoss,R-11C7,-11.0,7.0,-11.3771498388222,-216.76228769249,2.5216791411122004,217.06065720009423,266.9954872394275,9.814365079916423e-06,-0.9997310927007182,0.023189268878209657,0.9999992592548381,-1.8412522012734375e-05,-0.0012170253710611521,0.0012171250769791424,0.02318926364520223,0.9997303519740411
74,LCO,ApogeeBoss,R-11C8,-11.0,8.0,11.388923069149198,-216.987745149118,2.6961443800905998,217.28642183434653,273.0044968818586,7.633226759797306e-06,-0.9996932406638693,0.024767408275891467,0.9999991550370774,3.9827241249784835e-05,0.0012993609667678113,-0.0012999487932047874,0.02476737743003288,0.9996923962641575
75,APO,ApogeeBoss,R-11C8,-11.0,8.0,11.3770904442496,-216.76230335235198,2.5216816596492,217.06066972529524,273.0044968875485,7.633258595487813e-06,-0.9997310921888624,0.023189291765763773,0.999999259280682,3.585533896349768e-05,0.0012166151742092446,-0.0012171194768023361,0.023189265302269158,0.9997303519424227
76,LCO,ApogeeBoss,R-11C9,-11.0,9.0,34.166514747352,-216.985767474384,2.7553655674392004,219.65922247069088,278.9483057450394,5.4499431176108045e-06,-0.9996933300249691,0.024763801684850498,0.9999923978573624,0.00010200863402788024,0.0038979253098814686,-0.003899256054807223,0.024763592183426615,0.9996857307696214
77,APO,ApogeeBoss,R-11C9,-11.0,9.0,34.131050992270005,-216.760542550946,2.5770943083613997,219.43122259336164,278.94830576947226,5.452550342514577e-06,-0.9997311701997827,0.023185928949316443,0.9999933357525849,9.009849180589042e-05,0.0036497030947497625,-0.0036508109630254003,0.02318575453235951,0.9997245082351824
78,LCO,ApogeeBoss,R-11C10,-11.0,10.0,56.943586108282005,-216.983401864942,2.8738458162287994,224.3309356369608,284.70470779772546,3.267164370260519e-06,-0.9996932355783317,0.02476761450466449,0.9999788768883354,0.0001642475214804479,0.00649759954866141,-0.006499674335589008,0.024767070106851915,0.9996721194831101
79,APO,ApogeeBoss,R-11C10,-11.0,10.0,56.884567588269995,-216.75851129237202,2.687947757317,224.09842981910833,284.7047078392552,3.2722796353284526e-06,-0.9997310866049215,0.02318953352344722,0.9999814828018871,0.00014439264076321348,0.0060838478041584584,-0.006085560173973819,0.02318908421020956,0.9997125748588245
80,LCO,ApogeeBoss,R-11C11,-11.0,11.0,79.720703485884,-216.98271112057802,3.0516423439218,231.1642002766009,290.17362415139087,8.128582129269365e-06,-0.999692593726089,0.02479350687439534,0.9999585135817083,0.00023396594669057905,0.009105842926170553,-0.00910884456923345,0.024792404263006152,0.9996511219627942
81,APO,ApogeeBoss,R-11C11,-11.0,11.0,79.63819449342198,-216.758138627636,2.8542720160826005,230.92495032691804,290.1736242074664,8.129029851967994e-06,-0.9997305230596215,0.023213814784616368,0.999963631412284,0.00020610620878105446,0.008526040874205984,-0.008528527814154264,0.023212901222516364,0.9996941659478447
82,LCO,ApogeeBoss,R-11C12,-11.0,12.0,102.495789142632,-216.977875143712,3.2885941289961997,239.96830018536022,295.285066091587,5.944673227211595e-06,-0.9996924182790117,0.02480058064083246,0.999931384043808,0.0002964663604748776,0.011710649509373143,-0.011714400065523411,0.02479880930929306,0.9996238251902292
83,APO,ApogeeBoss,R-11C12,-11.0,12.0,102.390021710022,-216.753970718014,3.0758625600990017,239.72067154879332,295.28506615933287,5.9477349246143275e-06,-0.9997303691422034,0.023220443135703022,0.9999398482927283,0.00026063049106631866,0.010965029323396313,-0.010968124768631314,0.023218981169316942,0.999670235203849
84,LCO,ApogeeBoss,R-11C13,-11.0,13.0,125.26443412163398,-216.963647853904,3.5844969187997995,250.52824780029505,300.00008192328403,3.7635503542035695e-06,-0.9996936021371752,0.024752814624502413,0.9998978990647978,0.00035746876196102504,0.014285085295072737,-0.014289556733466928,0.024750233576342543,0.999591533830833
85,APO,ApogeeBoss,R-11C13,-11.0,13.0,125.13531934506598,-216.741418450256,3.3525152284588007,250.271234102964,299.9999213010229,5.368129723647484e-05,-0.9997313889848266,0.023176431925287795,0.9999104916254979,0.0003637466729583902,0.01337446917125634,-0.013379306991518717,0.023173639481684445,0.9996419241796534
86,LCO,Boss,R-11C14,-11.0,14.0,148.03781662888,-216.961952432606,3.9400357829302,262.65506649523115,304.30656080495953,5.1497234839003446e-05,-0.9996924117328451,0.02480079175757665,0.9998568597872991,0.00047108208466446804,0.016912658512217137,-0.016919139585574866,0.02479637081182216,0.9995493398078188
87,APO,Boss,R-11C14,-11.0,14.0,147.886435791688,-216.74009154689,3.6849694291066006,262.386480549062,304.30656073771706,5.1501274504409e-05,-0.9997303592693265,0.02322081184717265,0.9998745133772514,0.0004193346821900827,0.015836087175451197,-0.015841554413090334,0.023217082367243774,0.9996049280791535
88,LCO,ApogeeBoss,R-11C15,-11.0,15.0,170.802181765286,-216.948384432564,4.3543553233268,276.115893790418,308.21314959310104,5.635117866053263e-05,-0.9996929791639856,0.024777898110612456,0.9998097977012219,0.0005395653909723148,0.019495571031151574,-0.019502954780916532,0.02477208669902666,0.9995028656664219
89,APO,ApogeeBoss,R-11C15,-11.0,15.0,170.628666988618,-216.72799101152802,4.0728272828788,275.83539309922804,308.2131495379484,5.635113371874891e-05,-0.9997308579973682,0.023199318791630157,0.9998332548947586,0.00047996622934558367,0.01825464431236593,-0.018260866110402174,0.023194421748874088,0.9995641848168797
90,LCO,ApogeeBoss,R-10C0,-10.0,0.0,-182.199206219096,-197.236729340332,4.117773966645399,268.5123426357531,227.26951607184216,-4.0697550617646645e-05,-0.9997453641249417,0.022565576757461403,0.9997828253819422,-0.0005109421646436297,-0.020833650889971064,0.02083987559968093,0.022559828208386205,0.9995282656014276
91,APO,ApogeeBoss,R-10C0,-10.0,0.0,-182.013197095814,-197.03536852029598,3.8513561544986006,268.23821570568293,227.2695161112426,-4.0698537617869963e-05,-0.9997767814192414,0.021127841314519013,0.9998096100032011,-0.0004529411102665152,-0.019507398329807735,0.019512613583940797,0.021123024862294018,0.999586452355068
92,LCO,Boss,R-10C1,-10.0,1.0,-159.425004143766,-197.23768470519798,3.6733127004769988,253.61197963445434,231.05178037110707,-4.069967061083955e-05,-0.9997467830035748,0.02250262690309265,0.9998346374756661,-0.0004498940348116779,-0.01817952967654112,0.0181850501082513,0.022498165911034127,0.999581480662382
93,APO,Boss,R-10C1,-10.0,1.0,-159.26168853135798,-197.03563399906398,3.435580639239,253.3521787932213,231.0517804233662,-4.0700565191000867e-05,-0.9997780265732717,0.02106883776382601,0.9998550342501439,-0.00039941860750871783,-0.01702207241846145,0.01702670925655816,0.021065090695992824,0.9996331092585229
94,LCO,ApogeeBoss,R-10C2,-10.0,2.0,-136.660457362308,-197.252894750216,3.2885941289961997,239.96830018528487,235.28506609157415,-4.0701453307000696e-05,-0.9997457661411159,0.02254775878674187,0.9998780120454229,-0.00039286406966891754,-0.015614310292671829,0.015619198810591178,0.022544372706645877,0.9996238251901457
95,APO,ApogeeBoss,R-10C2,-10.0,2.0,-136.519434157944,-197.04934525383598,3.0758625600990017,239.72067154872286,235.28506615931929,-4.070206405661388e-05,-0.9997771367985,0.021111017936973717,0.9998930603503482,-0.0003494196549041624,-0.014620046823441061,0.014624165157602126,0.02110816526602943,0.9996702352038622
96,LCO,Fiducial,R-10C3,-10.0,3.0,-113.88628066792799,-197.257509319346,2.9627428518963987,227.77315449202075,240.0000861446535,-4.0702968223270376e-05,-0.9997461932403839,0.022528813653390215,0.9999154226445769,-0.0003336901686170928,-0.013001392555739066,0.013005610358050743,0.02252637903064254,0.9996616509334457
97,APO,Fiducial,R-10C3,-10.0,3.0,-113.768922451794,-197.052866485554,2.7711308694620005,227.53724949118967,239.99991343794377,6.643334035880456e-06,-0.999777524572582,0.02109268393036725,0.9999258574364991,-0.00025020447098422495,-0.012174441572604298,0.012177010542336292,0.02109120094359161,0.9997033968417877
98,LCO,Boss,R-10C4,-10.0,4.0,-91.11148948481,-197.26154689140802,2.69614538621,217.28649612465983,245.20865118265422,4.460772732479358e-06,-0.9997464608470654,0.02251697146306867,0.9999459227013175,-0.00022970806656353695,-0.010397062431989823,0.010399598699567454,0.022515800185010034,0.99969239623442
99,APO,Boss,R-10C4,-10.0,4.0,-91.016828575326,-197.05659992716,2.5216756702276,217.0607441679934,245.20865110278885,4.462510226134745e-06,-0.9997777476403413,0.02108210860639699,0.9999525946360542,-0.00020081441780046472,-0.009734893640534346,0.009736963628817511,0.021081152643428178,0.9997303519162132
100,LCO,Boss,R-10C5,-10.0,5.0,-68.336382901764,-197.26933753445,2.488900216449199,208.77033496015966,250.89332208350567,9.3222444575083e-06,-0.9997459728088411,0.02253862829898376,0.9999695217313269,-0.00016664853291762608,-0.007805628526136515,0.0078074017135867915,0.022538014126592204,0.9997155007289384
101,APO,Boss,R-10C5,-10.0,5.0,-68.265116481432,-197.063609207528,2.3277802354132002,208.55261255165516,250.89332201745185,9.319209053238447e-06,-0.9997773204184307,0.021102357453493724,0.9999732822540264,-0.0001449393147033766,-0.007308472528829712,0.007309903642453015,0.021101861755251194,0.9997506072712337
102,LCO,Fiducial,R-10C6,-10.0,6.0,-45.558416376000004,-197.273002182188,2.3408071351657997,202.46532219780883,256.99604173110146,7.138507124077738e-06,-0.9997459239994863,0.022540794028940454,0.9999864512037652,-0.0001101997830801098,-0.00520435057501747,0.005205512265050541,0.02254052577960884,0.9997323778590135
103,APO,Fiducial,R-10C6,-10.0,6.0,-45.51080471862001,-197.06683766386,2.1892572768742,202.25373136970927,256.9960416830006,7.138076546587055e-06,-0.9997772778999965,0.021104372625619993,0.9999881229554146,-9.572202592272542e-05,-0.004872862136379562,0.004873796995595072,0.021104156750908303,0.9997654028174203
104,LCO,Boss,R-10C7,-10.0,7.0,-22.779310709130996,-197.274099387258,2.2519225397324,198.58491202867572,263.41320729755427,4.955034492691973e-06,-0.9997460660197738,0.02253449474547506,0.9999966146513359,-5.368211008149701e-05,-0.002601500355341283,0.002602049445229049,0.02253443134887737,0.999742681264768
105,APO,Boss,R-10C7,-10.0,7.0,-22.755482633139803,-197.06774192494203,2.106126076969801,198.37718340893613,263.41320727061884,4.957222319870522e-06,-0.999777402642589,0.021098462992940357,0.9999970323690865,-4.644465559013072e-05,-0.0024357947191883432,0.0024362324285678444,0.0210984124552653,0.9997744354420258
106,LCO,Boss,R-10C8,-10.0,8.0,-4.335971473505799e-05,-197.274334573478,2.2222912407781994,197.27433457348275,269.9999874067315,9.816878934056694e-06,-0.9997461272128533,0.02253177814843457,0.9999999999518143,9.814284199319819e-06,-2.2573957163378588e-07,4.548988234804981e-09,0.02253177814956492,0.9997461272610255
107,APO,Boss,R-10C8,-10.0,8.0,-4.3327281443308004e-05,-197.06791839195,2.0784140103213997,197.06791839195475,269.9999874029706,9.814284189717899e-06,-0.9997774563766559,0.02109591488188806,0.99999999995184,9.81201023429189e-06,-2.112994524360603e-07,4.259096367468325e-09,0.021095914882945828,0.9997774564248043
108,LCO,Boss,R-10C9,-10.0,9.0,22.779312057337602,-197.274080023314,2.2519221406222,198.58489294719894,276.5867937297252,7.633671352597534e-06,-0.9997460653154507,0.022534525244648253,0.9999966146319864,6.626767753367349e-05,0.0026012176305331087,-0.0026020504018069417,0.022534429100146778,0.9997426813129651
109,APO,Boss,R-10C9,-10.0,9.0,22.755483949850397,-197.067722542456,2.10612750478,198.37716430542687,276.586793749314,7.633656188449532e-06,-0.9997774020230084,0.021098491553930652,0.9999970323500542,5.903278252888321e-05,0.002435529965975824,-0.002436233324596086,0.02109841034899494,0.9997744354842913
110,LCO,Fiducial,R-10C10,-10.0,10.0,45.558417715088,-197.273014281986,2.340807750049,202.46533428862114,283.0039578676376,5.450645518974615e-06,-0.9997459225014071,0.0225408609440882,0.9999864512093879,0.00012278593657250278,0.005204067761676232,-0.005205513225879009,0.022540527177154428,0.9997323778225007
111,APO,Fiducial,R-10C10,-10.0,10.0,45.510806003098004,-197.066849627768,2.1892637662948005,202.25374331582825,283.00395790890735,5.453176846391494e-06,-0.9997772765878383,0.021104435289009838,0.999988122961633,0.00010831064985870515,0.004872597302612732,-0.004873797896216458,0.021104158059687395,0.9997654027854028
112,LCO,Boss,R-10C11,-10.0,11.0,68.33638421341999,-197.269381066494,2.4889022100697997,208.77037652339897,289.106674346016,3.2683725624685995e-06,-0.9997459705210724,0.022538731468228698,0.9999695217621899,0.00017923639432616757,0.007805345668990539,-0.007807402642058445,0.02253801901663344,0.9997155006114443
113,APO,Boss,R-10C11,-10.0,11.0,68.265117676502,-197.063652430708,2.3277948908829997,208.5526537848837,289.10667440585235,3.27337625795587e-06,-0.999777318417201,0.021102454070457046,0.9999732822856722,0.00015752948431270458,0.0073082076654241955,-0.007309904520881287,0.02110186633860411,0.9997506071680693
114,LCO,Boss,R-10C12,-10.0,12.0,91.111490790624,-197.26152024553798,2.6961467026919994,217.28647248199957,294.7913520761267,8.129126875918293e-06,-0.9997464579431149,0.02251709937164974,0.9999459226680876,0.00024229544561635258,0.010396779904565437,-0.010399599674229695,0.02251579719025037,0.999692396291731
115,APO,Boss,R-10C12,-10.0,12.0,91.01682972366,-197.056573019162,2.5216908001440004,217.06072022132892,294.79135215065673,8.129432529089518e-06,-0.9997777450915012,0.021082228384724157,0.9999525946040349,0.00021340415077738693,0.009734629080100744,-0.009736964546050213,0.021081149836329447,0.9997303519664725
116,LCO,Fiducial,R-10C13,-10.0,13.0,113.88687382371401,-197.257166860544,2.9627428518963987,227.77315449189146,300.00008614463707,5.9473569566015934e-06,-0.9997462042475178,0.02252836117673492,0.9999154234428378,0.0002989404537738897,0.01300217657684517,-0.013005611318169897,0.022526378476922765,0.9996616509334321
117,APO,Fiducial,R-10C13,-10.0,13.0,113.768327038964,-197.053210247122,2.7711308694620005,227.5372494910254,299.99991343791766,5.368437880946616e-05,-0.9997775076575107,0.02109341840773151,0.9999258560173928,0.00031052323428511973,0.01217316898779156,-0.012177010547414045,0.021091200948668707,0.9997033968416188
118,LCO,ApogeeBoss,R-10C14,-10.0,14.0,136.660481125786,-197.252875481268,3.288591725191,239.96829787944893,304.7149411924029,5.1498698343744235e-05,-0.9997457619058131,0.02254792449981624,0.9998780114988124,0.00040365991179386806,0.015614069932482835,-0.015619201934315428,0.022544369808024243,0.9996238252067094
119,APO,ApogeeBoss,R-10C14,-10.0,14.0,136.51945715510402,-197.049324973714,3.0759098771240003,239.72066797529294,304.71494111926285,5.150244002520378e-05,-0.9997771330230777,0.02111117314726743,0.9998930598095642,0.0003602188009023961,0.01461982171856226,-0.014624168084569454,0.021108162557899497,0.9996702352182261
120,LCO,Boss,R-10C15,-10.0,15.0,159.424967066624,-197.23770041484403,3.673313957142,253.61196854472368,308.9482108833874,5.6358373721274486e-05,-0.9997467758105354,0.02250291270419563,0.9998346367854307,0.00046555129541335846,0.018179173417324865,-0.018185046271031142,0.022498167001564297,0.9995814807076461
121,APO,Boss,R-10C15,-10.0,15.0,159.261652172528,-197.03565057916802,3.4355411753351994,253.35216883200206,308.948210824751,5.6357733747149075e-05,-0.9997780201746647,0.021069105330641574,0.999855033551339,0.0004150745117418637,0.017021738900609134,-0.017026705666589027,0.02106509171063645,0.9996331092982894
122,LCO,ApogeeBoss,R-10C16,-10.0,16.0,182.19919637431,-197.23672922577802,4.117777440044598,268.51233587142184,312.730482401665,5.417317699831983e-05,-0.9997453571629978,0.02256585687043324,0.9997828247574921,0.0005244172554877255,0.020833346021994936,-0.020839874884387367,0.02255982751645349,0.9995282656319585
123,APO,ApogeeBoss,R-10C16,-10.0,16.0,182.013187775284,-197.03536901153197,3.8513326026026,268.2382097420712,312.7304823551584,5.417520592638105e-05,-0.9997767752367805,0.021128103610856264,0.9998096093768183,0.0004664173093130799,0.019507112873713327,-0.019512612916298064,0.02112302421618618,0.9995864523817544
124,LCO,ApogeeBoss,R-9C0,-9.0,0.0,-193.588064093862,-177.51424843739196,3.9400309280503993,262.6549960649927,222.51985777936375,-4.06964372673192e-05,-0.9997940586739451,0.020293806544852636,0.9997552108558866,-0.000489679064548063,-0.02211964242286297,0.02212502452657555,0.020287938650677483,0.9995493398702261
125,APO,ApogeeBoss,R-9C0,-9.0,0.0,-193.390103265502,-177.33272467521797,3.6850281023446,262.3864083404058,222.5198578075972,-4.069767409919829e-05,-0.999819469309092,0.019000714044070086,0.9997854024083556,-0.00043429801165292175,-0.020711362012170463,0.020715874948006096,0.01899579363233539,0.9996049281338184
126,LCO,Boss,R-9C1,-9.0,1.0,-170.81868841274,-177.520234266162,3.4661286978023997,246.35839316930483,226.10215341171363,-4.069865749698383e-05,-0.9997945704387401,0.020268578263765148,0.9998098759992865,-0.00043589915148188173,-0.019494149025312255,0.01949897940689777,0.02026393133488249,0.999604503235627
127,APO,Boss,R-9C1,-9.0,1.0,-170.643064931628,-177.33772099034599,3.2418666168126,246.10510538245566,226.1021534524593,-4.069968064171246e-05,-0.9998199203700943,0.01897696431662158,0.9998333292459999,-0.00038714490124355544,-0.018252776437713874,0.018256836319464478,0.018973058529498453,0.9996532953867757
